1 285
2 541
3 573
4 658
5 630
6 403
7 23
8 777
9 897
10 160
11 965
12 545
13 879
14 892
15 139
16 488
17 763
18 137
19 198
20 257
21 0
22 330
23 688
24 857
25 328
26 605
27 856
28 30
29 154
30 82
31 714
32 405
33 5
34 545
35 502
36 336
37 879
38 96
39 833
40 462
41 432
42 16
43 179
44 674
45 156
46 330
47 722
48 430
49 115
50 341
51 212
52 593
53 980
54 961
55 366
56 679
57 530
58 642
59 28
60 286
61 75
62 98
63 96
64 859
65 693
66 280
67 826
68 790
69 96
70 86
71 678
72 232
73 778
74 767
75 764
76 501
77 134
78 215
79 373
80 205
81 81
82 932
83 836
84 643
85 987
86 631
87 834
88 545
89 436
90 226
91 753
92 665
93 330
94 570
95 879
96 48
97 585
98 221
99 216
100 481
