1 617
2 206
3 200
4 392
5 574
6 366
7 635
8 890
9 614
10 270
11 709
12 953
13 745
14 782
15 322
16 690
17 822
18 936
19 625
20 142
21 783
22 597
23 747
24 963
25 648
26 430
27 221
28 919
29 44
30 637
31 93
32 479
33 954
34 113
35 825
36 635
37 386
38 481
39 731
40 117
41 310
42 959
43 95
44 108
45 657
46 916
47 592
48 928
49 415
50 420
51 518
52 211
53 157
54 728
55 256
56 583
57 168
58 366
59 501
60 461
61 514
62 710
63 190
64 114
65 532
66 636
67 66
68 387
69 96
70 616
71 164
72 680
73 85
74 638
75 547
76 662
77 363
78 440
79 469
80 933
81 516
82 226
83 248
84 391
85 413
86 781
87 888
88 317
89 972
90 469
91 212
92 12
93 713
94 752
95 219
96 576
97 320
98 158
99 998
